MULTIPLE CENTRALITY MEASURES
--------------------------------------------------------------------------------

Input dataset:                          football (C:\Users\HP\Desktop\football)
Output dataset:                         football-cent (C:\Users\HP\Desktop\football-cent)
Treat data as:                          Auto-detect
For valued data:                        Use tie strengths when possible
Type of scores to output:               Raw scores
Undefined dist in closeness:            replace with max dist + 1

Network 1 is directed? YES

Value of Beta was:                      618.613105929313
Centrality Measures

                          1                  2                  3                  4                  5                  6                  7                  8                  9                 10                 11                 12                 13                 14
                     OutDeg              Indeg          Out2local           In2local        OutBetaCent         InBetaCent           Out2Step            In2Step             OutARD              InARD           OutClose            InClose            Between           2StepBet
         ------------------ ------------------ ------------------ ------------------ ------------------ ------------------ ------------------ ------------------ ------------------ ------------------ ------------------ ------------------ ------------------ ------------------
  1 ARG              13.000              4.000             45.000             45.000          27850.580              4.000              4.000              2.000              3.000              2.000            126.000            130.000              0.500              0.500
  2 AUT              11.000              3.000             33.000             33.000       26808168.000            621.613              5.000              4.000              5.000              3.500            121.000            125.000              0.833              0.833
  3 BEL               8.000              3.000             42.000             42.000     4753037312.000              3.000              6.000              2.000              5.000              2.000            120.000            130.000              0.833              0.833
  4 BGR              10.000              0.000             16.000             16.000       15317189.000             -0.000              6.000              0.000              5.333              0.000            119.000            136.000              0.000              0.000
  5 BRA              12.000             12.000             25.000             25.000          15477.322             12.000              6.000              2.000              5.500              2.000            119.000            130.000              7.500              6.500
  6 CHE               0.000              2.000              0.000              0.000              0.000            620.613              0.000              2.000              0.000              2.000            136.000            130.000              0.000              0.000
  7 CHL               3.000              0.000             23.000             23.000  1472529694720.000              0.000              8.000              0.000              5.500              0.000            117.000            136.000              0.000              0.000
  8 CMR              20.000              0.000             25.000             25.000    16587718656.000              0.000             10.000              0.000              9.500              0.000            107.000            136.000              0.000              0.000
  9 COL               9.000              0.000             78.000             78.000  2945095565312.000              0.000             11.000              0.000              8.000              0.000            109.000            136.000              0.000              0.000
 10 DEU               4.000             39.000             10.000             10.000           6190.129        7301309.500              4.000             18.000              3.500             17.000            125.000             84.000             14.667             11.667
 11 DNK              16.000              0.000             53.000             53.000     2384192000.000             -0.000              8.000              0.000              7.500              0.000            113.000            136.000              0.000              0.000
 12 ESP               0.000             54.000              0.000              0.000              0.000 11192796971008.000              0.000             23.000              0.000             20.500            136.000             72.000              0.000              0.000
 13 FRA               0.000             24.000              0.000              0.000              0.000  5598645583872.000              0.000             25.000              0.000             19.000            136.000             73.000              0.000              0.000
 14 GBR               0.000             50.000              0.000              0.000              0.000 11188275511296.000              0.000             21.000              0.000             17.833            136.000             78.000              0.000              0.000
 15 GRE               0.000              5.000              0.000              0.000              0.000              5.001              0.000              3.000              0.000              3.000            136.000            127.000              0.000              0.000
 16 HRV              14.000              0.000             39.000             39.000    16591553536.000              0.000              7.000              0.000              6.500              0.000            116.000            136.000              0.000              0.000
 17 IRN               3.000              0.000             12.000             12.000       11487888.000              0.000              4.000              0.000              2.833              0.000            126.000            136.000              0.000              0.000
 18 ITA               5.000             42.000              0.000              0.000              5.000     9043016704.000              3.000             22.000              3.000             19.000            127.000             76.000             15.083             11.083
 19 JAM               7.000              0.000              0.000              0.000              7.000              0.000              1.000              0.000              1.000              0.000            133.000            136.000              0.000              0.000
 20 JPN               0.000              9.000              0.000              0.000              0.000           7432.360              0.000              6.000              0.000              5.000            136.000            120.000              0.000              0.000
 21 KOR               5.000              0.000              0.000              0.000              5.000              0.000              2.000              0.000              2.000              0.000            130.000            136.000              0.000              0.000
 22 MAR              13.000              0.000             22.000             22.000     4749197824.000              0.000              7.000              0.000              6.500              0.000            116.000            136.000              0.000              0.000
 23 MEX               0.000              1.000              0.000              0.000              0.000              1.000              0.000              1.000              0.000              1.000            136.000            133.000              0.000              0.000
 24 NGA              21.000              0.000             88.000             88.000 20559511420928.000              0.000             12.000              0.000             11.000              0.000            102.000            136.000              0.000              0.000
 25 NLD              12.000             10.000             14.000             14.000        3835493.000           7433.354              5.000              8.000              4.500              7.000            122.000            114.000              2.417              2.417
 26 NOR              22.000              0.000             41.000             41.000       11505847.000              0.000              7.000              0.000              6.500              0.000            116.000            136.000              0.000              0.000
 27 PRT               0.000              7.000              0.000              0.000              0.000           7430.358              0.000              6.000              0.000              5.000            136.000            120.000              0.000              0.000
 28 PRY              13.000              0.000            120.000            120.000       95744744.000              0.000              7.000              0.000              5.333              0.000            118.000            136.000              0.000              0.000
 29 ROM              18.000              0.000             28.000             28.000  2942671519744.000              0.000              9.000              0.000              8.000              0.000            111.000            136.000              0.000              0.000
 30 SCO               8.000              6.000              0.000              0.000              8.000              5.998              2.000              2.000              2.000              2.000            130.000            130.000              0.667              0.667
 31 TUN               5.000              1.000              8.000              8.000        7658594.500              1.000              4.000              1.000              3.333              1.000            125.000            133.000              0.000              0.000
 32 TUR               0.000             18.000              0.000              0.000              0.000           1873.838              0.000              7.000              0.000              7.000            136.000            115.000              0.000              0.000
 33 USA               5.000              4.000             20.000             20.000     2380344832.000              4.000              6.000              3.000              4.500              3.000            121.000            127.000              5.250              5.250
 34 YUG              21.000              0.000             39.000             39.000        3850967.250              0.000              6.000              0.000              6.000              0.000            118.000            136.000              0.000              0.000
 35 ZAF              17.000              1.000             48.000             48.000    21336918016.000              1.000              9.000              1.000              9.000              1.000            109.000            133.000              1.250              1.250


----------------------------------------
Running time:  00:00:01
Output generated:  29 Jul 17 18:17:11
UCINET 6.634 Copyright (c) 1992-2017 Analytic Technologies

